24645 
20004 
86444 
47180 
19851 
96224 
49868 
27023 
86471 
94191 
32300 
39569 
83342 
33550 
91858 
20542 
85045 
61882 
72868 
65779 
16093 
24497 
47633 
52227 
49693 
42291 
77928 
18305 
16733 
82342 
86861 
86009 
93045 
35300 
15022 
10115 
82595 
94098 
94221 
30919 
66770 
82987 
2903 
45268 
46424 
19622 
2649 
39383 
26093 
66454 
65998 
40543 
56244 
38463 
29642 
81458 
88373 
22948 
47075 
27547 
99964 
83626 
23920 
32130 
33973 
44191 
85856 
35252 
96873 
74985 
61647 
64635 
60853 
59515 
47810 
13399 
36374 
44408 
31184 
8251 
9326 
94140 
95856 
72130 
43852 
67929 
42803 
5693 
23617 
81508 
13643 
18065 
64085 
90296 
87349 
41000 
9887 
20272 
76159 
19584 
16792 
97117 
71511 
72771 
41559 
30262 
46521 
38731 
39115 
59996 
64952 
45895 
34465 
16019 
19958 
85762 
36921 
94605 
13852 
25414 
4501 
83641 
98936 
4206 
62086 
38824 
81009 
42572 
94529 
9701 
96129 
39104 
18602 
53943 
16203 
84326 
63064 
73859 
15067 
77974 
93311 
54740 
42435 
43557 
51679 
81960 
21910 
87210 
57815 
68325 
98746 
781 
10570 
90802 
4033 
82262 
19385 
10065 
29318 
84807 
71202 
20998 
80024 
66219 
94141 
32322 
8956 
52436 
4911 
95906 
84366 
1742 
95408 
89442 
95937 
8300 
17985 
7548 
92670 
86355 
4088 
46159 
79781 
76172 
15574 
47450 
91975 
93517 
7939 
54095 
35229 
20769 
2563 
84779 
79154 
18321 
45887 
78052 
57625 
21798 
26287 
7352 
34054 
96416 
39548 
87474 
23023 
63235 
72339 
92140 
12879 
29484 
1571 
80351 
16821 
88974 
70107 
85971 
71710 
99118 
47124 
77130 
23205 
74798 
34910 
87264 
12604 
81163 
73805 
54431 
56717 
47654 
7227 
24740 
38013 
74815 
91203 
20695 
82307 
95214 
69021 
81980 
56660 
78261 
74323 
95186 
44575 
90683 
93194 
12772 
82676 
46577 
70723 
65095 
74651 
17346 
78677 
41631 
70006 
68391 
51515 
22988 
54552 
79701 
65208 
18741 
62518 
24455 
56266 
86895 
36512 
15024 
52327 
36475 
29603 
81699 
4074 
68044 
43866 
42276 
67970 
40821 
56959 
21232 
47085 
27683 
66158 
95694 
68890 
47985 
74275 
65183 
935 
63538 
60981 
52957 
98589 
68070 
62952 
4625 
50299 
76606 
95119 
70600 
5986 
46911 
17570 
21473 
14328 
93110 
50747 
8765 
37879 
93879 
66941 
12865 
36254 
44015 
70229 
75697 
85717 
49229 
8143 
13139 
11640 
95626 
59978 
5770 
4766 
70417 
7749 
39564 
39516 
61698 
86536 
37290 
96086 
46023 
3508 
21108 
7093 
8308 
57927 
44731 
13174 
79675 
23259 
97758 
60294 
80491 
72256 
25565 
96369 
19740 
68906 
26162 
41365 
344 
19246 
52767 
53475 
62097 
62678 
11680 
66069 
85861 
47154 
65373 
509 
17143 
60197 
77669 
45526 
32565 
29923 
83570 
5753 
23354 
90063 
37250 
71737 
17175 
53029 
26118 
30929 
90367 
15268 
63730 
71529 
39826 
25916 
54001 
53719 
19277 
92159 
5113 
93856 
56896 
84405 
66847 
76533 
45883 
35111 
17048 
52064 
32342 
1636 
33249 
62334 
93405 
68474 
59254 
1394 
25544 
80963 
73774 
38337 
16057 
44383 
40218 
46010 
66015 
839 
65581 
45103 
98413 
82036 
17238 
9361 
96556 
45993 
15461 
24349 
92399 
44907 
12309 
17008 
6688 
14161 
34492 
56239 
9855 
69818 
73033 
23737 
69289 
10793 
74834 
41574 
13255 
4364 
93885 
2867 
95008 
46108 
56146 
36886 
91646 
59764 
77677 
73325 
41490 
51978 
41025 
50009 
56364 
57325 
17666 
53014 
22696 
476 
63113 
768 
26602 
25579 
40246 
92500 
44484 
5833 
95703 
86698 
25287 
12289 
18363 
68366 
49413 
11439 
65565 
58690 
98986 
22459 
31164 
11149 
42660 
39909 
71028 
15990 
49221 
30220 
58590 
48474 
86831 
38666 
16694 
51136 
15872 
44941 
37069 
13776 
35010 
56005 
86933 
57412 
46330 
25663 
5377 
54614 
32385 
77149 
82819 
93557 
6128 
8510 
27590 
40703 
32973 
27391 
49384 
11804 
40251 
87479 
89606 
12972 
40840 
99965 
15559 
72117 
78178 
51001 
85062 
22043 
22024 
35445 
92530 
54052 
22603 
72112 
92654 
75375 
81156 
44739 
47891 
96081 
6776 
71925 
95299 
35149 
904 
40648 
44344 
96201 
6896 
9272 
65317 
6280 
53338 
60667 
37226 
32153 
58380 
26227 
27768 
96205 
88126 
3871 
36745 
34472 
99063 
7335 
8320 
5217 
31200 
92914 
35305 
71355 
97137 
55910 
96534 
74330 
43945 
76824 
42198 
70702 
88490 
52180 
90783 
20067 
64486 
22527 
2960 
79646 
34187 
19765 
916 
14576 
58643 
3986 
1848 
377 
81230 
7489 
11401 
25154 
37855 
3752 
8054 
56196 
87821 
68096 
72864 
40841 
38577 
66773 
10209 
13837 
41132 
8626 
6561 
73662 
24197 
25948 
30044 
8353 
1031 
15351 
49888 
96913 
58414 
71198 
42445 
74143 
81567 
83262 
38548 
38947 
10418 
5782 
67759 
7856 
75081 
37798 
36623 
86022 
9950 
71298 
26405 
3534 
9760 
24694 
46351 
46624 
73186 
31753 
4935 
74019 
1633 
3765 
90837 
99714 
58887 
50853 
30792 
43316 
8661 
79642 
62178 
99962 
73916 
36933 
21810 
90757 
68076 
17663 
21674 
22782 
21080 
922 
50822 
26015 
97883 
61804 
47914 
93685 
33986 
57785 
40178 
51066 
29903 
3051 
17580 
84842 
57397 
21454 
73994 
94387 
10563 
74154 
3870 
31125 
68217 
13680 
44644 
92209 
51360 
52429 
75341 
91473 
73765 
83164 
28569 
55999 
76740 
94943 
86149 
62723 
14369 
77437 
99013 
99793 
29076 
15538 
54649 
98408 
57828 
46955 
67835 
96922 
75001 
56701 
44285 
61425 
15257 
94431 
65488 
45744 
76629 
6780 
14470 
10314 
43038 
80421 
72594 
33607 
42238 
56739 
76302 
18426 
87099 
4371 
10043 
42934 
56447 
81710 
95017 
22115 
98407 
35798 
95754 
95015 
98574 
31378 
61838 
97125 
76684 
38578 
54714 
36617 
35795 
86099 
91595 
86900 
40731 
2179 
7004 
96698 
98631 
25708 
28732 
59735 
98215 
51780 
91402 
65896 
91330 
85173 
81099 
46290 
36080 
80548 
34202 
19372 
27029 
5790 
92748 
16598 
83062 
44655 
40527 
54450 
67554 
37636 
29434 
74120 
74141 
87960 
39466 
2377 
68534 
30826 
97731 
85849 
62719 
9471 
46507 
98029 
67637 
59940 
80579 
7576 
1150 
7408 
9116 
20665 
93412 
40163 
82806 
38322 
84602 
49285 
5832 
32504 
61075 
48298 
378 
36471 
80667 
29817 
15419 
82845 
15143 
87242 
11920 
17371 
26269 
81786 
75526 
49075 
85139 
6970 
97066 
85853 
31242 
60869 
39664 
9791 
11023 
50927 
55401 
65562 
31525 
29676 
71995 
80368 
57075 
2558 
12025 
29419 
33500 
61360 
99041 
45231 
84950 
66785 
49652 
83066 
42831 
56106 
88985 
57177 
1829 
12612 
71344 
47641 
50342 
68558 
39894 
54733 
4580 
58802 
43565 
26194 
74917 
93119 
13957 
31612 
44048 
12232 
66484 
87813 
30631 
4612 
3820 
94232 
68773 
49051 
28029 
89184 
5199 
18891 
62943 
47653 
48535 
9066 
90381 
97000 
52092 
75910 
33312 
58701 
89564 
31886 
75176 
33649 
19236 
99358 
14044 
48797 
19987 
32818 
3591 
91368 
55902 
6295 
91883 
5405 
84880 
78421 
75078 
90773 
82704 
16532 
82893 
33002 
99328 
82776 
28405 
36229 
18051 
71121 
6469 
94355 
57109 
27838 
16680 
98747 
67305 
14941 
2445 
31446 
76419 
90404 
64553 
88709 
79868 
67662 
69191 
93593 
26360 
17466 
67656 
62991 
66835 
45946 
26081 
60499 
88228 
15431 
9605 
33806 
8063 
72934 
52679 
82360 
270 
53058 
27313 
62495 
32945 
56255 
88385 
62872 
22326 
71167 
28743 
52898 
53317 
57942 
1338 
31241 
92556 
7624 
30128 
94292 
48602 
35368 
53763 
87319 
12308 
51935 
23822 
53838 
35029 
37310 
27073 
48580 
50135 
59896 
96277 
3410 
20608 
6760 
73501 
80319 
28393 
18616 
41029 
7785 
55682 
47163 
93031 
88037 
80288 
37581 
91304 
47138 
65174 
77542 
19779 
26856 
64703 
21829 
20039 
71873 
4070 
58655 
34417 
27275 
55570 
34532 
18917 
78988 
911 
90857 
51349 
79690 
76914 
6335 
95521 
76705 
51367 
90116 
53855 
63796 
54548 
48755 
23753 
89501 
69 
89595 
11238 
49522 
84207 
5090 
81881 
35499 
91046 
25364 
80793 
87583 
71214 
4462 
67757 
44025 
50423 
41764 
38752 
32328 
19849 
63611 
36538 
42060 
12556 
97246 
82524 
53704 
17633 
3461 
11635 
96470 
85088 
65379 
60765 
16447 
33538 
80573 
62586 
96231 
81321 
85083 
54336 
13472 
5765 
23253 
62813 
18468 
63475 
1740 
30195 
27432 
95487 
38961 
77865 
24695 
21483 
41826 
47266 
18653 
15008 
15457 
4424 
55394 
46504 
79699 
96582 
49400 
13758 
74462 
39405 
6577 
28876 
73070 
46044 
4876 
27959 
54645 
64509 
43255 
85301 
16884 
25716 
87122 
99117 
28535 
19324 
39055 
54538 
46101 
44029 
61919 
43673 
22887 
68183 
29517 
41537 
12603 
99706 
98183 
22606 
89397 
76888 
14746 
60568 
67840 
78496 
22021 
62082 
76425 
73526 
83839 
37433 
11437 
87768 
29505 
30537 
94885 
17880 
8321 
39435 
66332 
43638 
33557 
46187 
53204 
64526 
87184 
26698 
30559 
79059 
68102 
65805 
55288 
98776 
88387 
17649 
55858 
69017 
60884 
38613 
66144 
79929 
8827 
23194 
78621 
88935 
92470 
48340 
4456 
48310 
49966 
52467 
95886 
30554 
84390 
63811 
22287 
89774 
60819 
30345 
18403 
30399 
36056 
10871 
77584 
86276 
10200 
85167 
7696 
35162 
81260 
3409 
27433 
51108 
67317 
66075 
64272 
58250 
6652 
25284 
61619 
34510 
83565 
91236 
25179 
25799 
30507 
78196 
86565 
60233 
79106 
28373 
91291 
1793 
21805 
5335 
77647 
4937 
24225 
13040 
48267 
13694 
72928 
23637 
12369 
87241 
3413 
82792 
82474 
32151 
37990 
23202 
26588 
92356 
46626 
57817 
8453 
82969 
22775 
40836 
45935 
23938 
30159 
61059 
13301 
98674 
48049 
28662 
87131 
43123 
12771 
10101 
38546 
2270 
1951 
47141 
91224 
24648 
78255 
70218 
67390 
97071 
1096 
54332 
2221 
88934 
40249 
60791 
8064 
42903 
9554 
81221 
19355 
94377 
16191 
99408 
60891 
32445 
90206 
49122 
69807 
36679 
11921 
72862 
53097 
16899 
29646 
25742 
36818 
96618 
51518 
60833 
96006 
31079 
85378 
47484 
40740 
93944 
98501 
78142 
68715 
22595 
6440 
74995 
63281 
44567 
54561 
13774 
27216 
3770 
28721 
15825 
46094 
92754 
23826 
14440 
48619 
51258 
76365 
4226 
76860 
57940 
86734 
93265 
33516 
95649 
64355 
55441 
87495 
15993 
2660 
89853 
52167 
9174 
52637 
34050 
41954 
45127 
33345 
95545 
87957 
54311 
98013 
38147 
43644 
91649 
64787 
89982 
48754 
64915 
42112 
81865 
48667 
96273 
76826 
66134 
26213 
19370 
14476 
83815 
91634 
3206 
23134 
8342 
71372 
48320 
53947 
5584 
76927 
73022 
26083 
49924 
8799 
41137 
9596 
59820 
63779 
7935 
42935 
201 
15797 
41847 
60980 
90186 
99157 
15157 
19116 
63717 
36715 
84374 
88298 
83628 
93605 
98134 
28312 
63581 
38720 
87676 
44833 
94992 
16603 
90266 
10670 
84843 
28209 
28577 
57664 
76409 
46458 
72998 
82630 
90476 
1719 
53716 
83831 
87329 
12084 
82283 
53166 
41268 
98954 
64934 
87688 
25046 
3741 
47546 
94006 
78436 
14992 
94357 
29526 
30205 
72692 
69803 
49904 
79374 
74401 
79011 
22152 
10880 
17801 
6263 
94033 
90901 
26813 
39225 
35922 
89176 
35381 
62341 
78759 
91332 
42323 
82122 
89293 
9395 
66877 
84673 
16954 
70426 
16593 
68125 
20488 
62797 
30260 
87645 
62970 
19498 
38053 
5328 
64297 
65963 
47233 
3908 
94069 
72641 
63372 
55120 
81981 
95270 
77222 
93164 
39641 
88436 
87742 
84482 
57743 
35131 
66914 
54668 
86815 
69973 
4311 
41693 
61459 
15335 
45905 
16932 
20078 
95834 
46491 
21448 
6278 
93175 
53451 
38242 
26843 
46252 
55519 
8667 
5476 
69171 
42708 
34969 
1828 
78308 
22670 
72705 
89180 
24708 
47374 
47293 
90589 
73316 
31585 
42443 
21760 
69671 
59110 
83488 
91384 
43812 
82832 
51739 
98734 
40650 
91693 
52825 
7929 
1652 
18024 
14072 
91793 
31924 
25103 
66890 
95102 
72684 
41730 
12414 
95696 
57303 
86618 
32115 
78797 
38794 
23523 
30107 
97015 
56007 
78404 
25907 
71466 
44498 
71454 
45173 
82452 
23430 
47606 
78032 
3957 
90600 
21552 
33603 
75569 
96232 
89571 
39453 
74299 
14930 
27240 
37028 
43164 
52054 
26512 
90242 
92910 
502 
30234 
95385 
71727 
12184 
92764 
42575 
14357 
81589 
45318 
16855 
40847 
67400 
96020 
87412 
5695 
93892 
26784 
14795 
74807 
42898 
88370 
54420 
64673 
89659 
39840 
67475 
85151 
69733 
59495 
18916 
19054 
85699 
17107 
68856 
21380 
97837 
75756 
9691 
12285 
1384 
97727 
56317 
85124 
8167 
11907 
95986 
74483 
53912 
74936 
64053 
74250 
96482 
50631 
90603 
42503 
35942 
50618 
43429 
18599 
62503 
79165 
36101 
61303 
26855 
1319 
44600 
80920 
9289 
91677 
49476 
499 
48964 
4816 
55107 
17063 
153 
60592 
82359 
72244 
66272 
16770 
44130 
67906 
39866 
52759 
12076 
20473 
79369 
32728 
15568 
17688 
40151 
29021 
87422 
77370 
7536 
81938 
91155 
1352 
71605 
65004 
3326 
85213 
39400 
86313 
70705 
10737 
40826 
8255 
68531 
14494 
71405 
28676 
40774 
58728 
28146 
85641 
54715 
11859 
95028 
55619 
98752 
85584 
58527 
66296 
58787 
78873 
85916 
65324 
96459 
31731 
2651 
81635 
89662 
81496 
21134 
56076 
71758 
94921 
23453 
81843 
13403 
89 
65952 
22450 
60482 
53863 
29092 
85677 
13239 
32460 
94732 
50102 
93600 
58381 
2844 
24466 
41272 
40261 
96691 
75471 
71987 
66956 
54051 
13365 
72999 
87656 
10949 
76712 
40040 
16382 
11160 
44950 
25038 
29519 
75752 
42757 
66347 
58241 
54438 
25354 
87779 
52766 
42356 
94476 
82171 
55005 
11220 
14945 
51919 
88245 
2645 
54014 
58786 
18956 
45894 
80317 
6667 
52021 
98339 
63214 
20745 
90472 
40065 
35917 
6933 
27499 
58902 
35142 
8347 
80242 
37205 
5630 
17774 
48162 
81141 
84321 
23454 
46722 
94144 
5070 
73513 
22102 
37819 
34521 
93867 
28695 
35434 
11285 
18479 
24805 
97203 
18848 
19546 
93666 
10380 
44328 
59945 
22113 
78798 
875 
61325 
71339 
36640 
19359 
33348 
5866 
4890 
86315 
10323 
86960 
53220 
84434 
83234 
62040 
25699 
69560 
82886 
33161 
97566 
78274 
56328 
49689 
87703 
54427 
59184 
4136 
82346 
88925 
64708 
66340 
1340 
24618 
76851 
16507 
26919 
70586 
66548 
77450 
70519 
27031 
11235 
88468 
39861 
37202 
36713 
94118 
30484 
18547 
82726 
89019 
57427 
54121 
68187 
52794 
35845 
98269 
84980 
497 
36395 
52263 
60926 
8114 
16763 
56318 
80114 
81052 
45241 
81814 
27563 
74190 
84526 
37934 
14159 
49807 
66009 
7373 
45206 
88636 
66513 
37813 
50593 
70053 
68467 
84306 
20343 
90570 
96511 
70659 
68360 
58547 
71037 
11260 
73131 
59447 
1123 
56977 
24493 
63017 
64086 
75003 
41077 
13612 
29099 
5731 
81790 
73364 
26464 
4830 
80489 
19558 
95073 
59576 
9856 
35811 
30881 
92478 
48982 
83806 
35261 
5651 
93121 
27969 
75241 
9304 
72394 
3547 
77942 
28215 
16624 
4841 
96770 
8053 
49072 
1699 
30203 
31348 
45151 
99589 
23676 
34274 
95120 
71936 
92661 
71065 
23407 
2348 
64967 
62050 
25255 
85972 
5147 
40044 
21563 
59571 
24274 
9095 
47112 
34173 
57596 
99039 
86198 
59314 
98890 
8213 
64446 
84676 
47575 
21114 
65088 
13120 
85547 
63993 
23779 
60634 
45071 
64013 
32964 
677 
69562 
5111 
9915 
67526 
3666 
33056 
59274 
51891 
56339 
70855 
18929 
90432 
22268 
6728 
82398 
72816 
11737 
40531 
42839 
81540 
58708 
49890 
75650 
68241 
20355 
75070 
12701 
81145 
67399 
96437 
77012 
91816 
9390 
48533 
50456 
83303 
36619 
29636 
33160 
92308 
41282 
69437 
59517 
21652 
3097 
16158 
68220 
97571 
78455 
2767 
83526 
34497 
96109 
86061 
4428 
15183 
9356 
49873 
53825 
5440 
99160 
11928 
33426 
88917 
22889 
38853 
52604 
41045 
60750 
88903 
60451 
47939 
71126 
12008 
97786 
13744 
36047 
64551 
78558 
5548 
6744 
75177 
34372 
95053 
44189 
43296 
11670 
30427 
48058 
25506 
16115 
22838 
90755 
1827 
69200 
94483 
18885 
65798 
53252 
48654 
54655 
32913 
97635 
75564 
52507 
21009 
2871 
13220 
21165 
97248 
44598 
86715 
21968 
50127 
60471 
42307 
54701 
66295 
61391 
36391 
65709 
25652 
83154 
68898 
14581 
81978 
67784 
96008 
15658 
52152 
88551 
76999 
949 
59524 
36057 
68229 
41169 
88631 
63631 
12048 
39178 
96120 
26289 
64920 
37504 
48254 
99146 
4578 
86559 
64138 
72877 
56260 
86350 
73227 
71410 
1330 
95322 
21959 
19002 
16194 
79081 
51871 
72762 
71366 
51 
77293 
27282 
31798 
61230 
26403 
24004 
61134 
58213 
2627 
22925 
88144 
61727 
87523 
93438 
76258 
67032 
13051 
4859 
48048 
69819 
91136 
9916 
93496 
56375 
81309 
94762 
38334 
48684 
14801 
17860 
56331 
47324 
56306 
52727 
27888 
409 
59046 
29591 
37702 
43900 
82570 
76631 
26721 
86077 
58945 
49027 
25275 
10010 
73663 
15502 
7146 
49702 
44846 
68942 
43905 
53651 
24539 
32214 
8499 
58857 
46266 
10454 
13487 
80372 
2176 
18890 
52145 
53600 
65411 
3281 
28640 
68438 
40736 
87307 
93003 
47779 
87161 
49017 
11685 
39607 
68681 
45814 
45541 
13798 
56030 
28167 
78715 
196 
7176 
94074 
9626 
48804 
95289 
21666 
53168 
68769 
95220 
32489 
50201 
30652 
75705 
72257 
97662 
505 
82429 
94146 
43970 
30436 
40171 
61620 
45450 
2514 
82836 
50472 
85451 
47817 
5773 
60995 
96068 
47728 
56451 
88845 
10643 
96526 
52498 
5604 
2790 
63024 
15577 
83879 
41088 
41154 
9735 
19911 
78397 
20959 
34918 
43910 
22827 
29884 
22742 
94359 
71087 
93509 
51869 
71798 
62180 
84071 
92611 
11727 
62022 
56538 
77540 
79603 
4538 
39900 
1227 
29117 
79946 
55992 
46590 
20932 
90485 
42751 
13166 
46985 
96014 
40505 
55323 
69170 
73775 
72036 
15304 
52550 
71148 
75024 
11964 
4487 
76221 
6808 
17803 
36179 
34117 
19670 
47295 
13414 
34247 
53261 
6635 
86903 
42282 
30769 
1954 
21628 
61834 
72830 
40385 
50346 
84410 
40519 
30451 
57889 
69777 
3959 
64640 
38357 
62176 
25457 
55555 
65330 
67512 
59398 
74561 
84087 
67380 
1799 
49714 
20480 
22197 
31330 
27774 
18036 
97759 
39205 
21743 
28145 
1236 
58855 
13862 
70198 
69757 
43798 
78083 
40971 
88671 
31595 
28749 
1916 
61811 
78336 
15648 
87006 
49626 
8234 
48496 
22415 
39652 
34055 
46303 
97985 
74836 
61588 
78724 
45481 
35930 
59840 
7061 
1487 
59519 
89091 
93866 
4944 
93952 
9094 
71839 
16525 
62377 
3745 
63751 
48764 
68024 
42082 
33517 
64485 
19900 
82800 
93905 
8345 
35915 
20678 
9805 
98098 
95165 
47361 
32616 
23697 
39318 
37661 
71280 
17816 
66205 
9932 
8187 
40275 
49765 
8563 
94965 
35737 
2285 
35517 
37009 
43356 
14812 
66263 
54676 
75252 
69587 
20834 
10016 
91326 
2083 
82125 
6996 
45641 
34121 
53382 
9202 
37343 
56720 
28800 
53590 
13754 
9303 
31961 
53644 
66581 
87069 
30070 
85187 
10119 
27632 
274 
16894 
6633 
27332 
29373 
91031 
6441 
89768 
44136 
89047 
70500 
41247 
84273 
87014 
20581 
31938 
91401 
5272 
25379 
91183 
37065 
71760 
23486 
87232 
86455 
36189 
89747 
73671 
80754 
6266 
91689 
86301 
35016 
91178 
39999 
89758 
43112 
90979 
78185 
99576 
97813 
98045 
61895 
56036 
14396 
17646 
42042 
58809 
76388 
55316 
7664 
91064 
48826 
95699 
7396 
44463 
77646 
44690 
72454 
21247 
3689 
8901 
47321 
1930 
70030 
63549 
47562 
98901 
41148 
92938 
12805 
16485 
68894 
42526 
64247 
71009 
2722 
37132 
93681 
72724 
93897 
95491 
97523 
86274 
21327 
62088 
99395 
69571 
69490 
47700 
79552 
20187 
36071 
98976 
49382 
47344 
45534 
27233 
14198 
59892 
99234 
98203 
11563 
97060 
36706 
68007 
34881 
52006 
72154 
77282 
47350 
74808 
37436 
2575 
72574 
78108 
21193 
90300 
70565 
91418 
63726 
83620 
13283 
73330 
68781 
29830 
43743 
30354 
64177 
7038 
84427 
22867 
8015 
14821 
48390 
80055 
815 
96683 
66576 
27292 
41329 
66716 
80435 
88553 
744 
65818 
42403 
89062 
75429 
86956 
32841 
79509 
82951 
35174 
52624 
27664 
34787 
23229 
47436 
47920 
53622 
83208 
20089 
22246 
7340 
75719 
74221 
77640 
74504 
30846 
31691 
71260 
47468 
83239 
40138 
16577 
55351 
22202 
34193 
42958 
27646 
57185 
61451 
73666 
55436 
5446 
19778 
45682 
42893 
83527 
77815 
64180 
91232 
11231 
72525 
71485 
19241 
56924 
87133 
10827 
72700 
1077 
4712 
47750 
49223 
22254 
79786 
36668 
50677 
41043 
58268 
53463 
34570 
45228 
32286 
19329 
51018 
26281 
82272 
39546 
68065 
89390 
24304 
73139 
51597 
87294 
77526 
70675 
53350 
34226 
86614 
38972 
24713 
47338 
18416 
47648 
73922 
1034 
31775 
32250 
45519 
31496 
19441 
20808 
88771 
7743 
63830 
76795 
8098 
29785 
30550 
1529 
9672 
61250 
79264 
67789 
95636 
482 
19103 
76153 
52412 
77046 
6334 
54906 
56079 
20354 
44450 
50878 
54444 
34075 
20749 
38671 
78407 
40716 
97022 
24494 
46933 
86700 
98129 
76306 
8030 
49526 
34077 
72623 
62636 
90053 
80791 
50119 
40551 
60579 
29059 
65739 
29222 
85912 
92211 
42729 
56168 
83978 
555 
66087 
72476 
99238 
902 
87326 
55212 
75740 
8121 
53661 
52365 
627 
74805 
12225 
31951 
21576 
44919 
64724 
13144 
57556 
77140 
37194 
75370 
57287 
46633 
92652 
53183 
56198 
4089 
25857 
18344 
69763 
60678 
58172 
96149 
1726 
72366 
7966 
39216 
85961 
53693 
59365 
39622 
24196 
86127 
33540 
66116 
23328 
57728 
51525 
77821 
24373 
3145 
84567 
25004 
74296 
15817 
1503 
65527 
34002 
37826 
47670 
2915 
71643 
95192 
59979 
14 
16420 
99299 
39200 
75030 
85186 
94106 
43759 
1308 
82822 
25592 
84988 
44016 
56064 
16995 
8216 
8524 
34500 
62324 
48132 
9531 
68266 
67146 
21503 
16917 
11365 
59859 
29684 
8868 
70883 
42565 
24600 
23537 
81178 
39793 
61423 
86919 
9652 
8656 
2792 
33260 
12214 
4007 
6413 
38019 
18090 
597 
32137 
9308 
30176 
98361 
82155 
60421 
66304 
22262 
27634 
87226 
4980 
56828 
95563 
8052 
67775 
33541 
68418 
99108 
81133 
32036 
66683 
93612 
83053 
6564 
26641 
56144 
59323 
81894 
30953 
43838 
77147 
14002 
69169 
49359 
32709 
36246 
34180 
36843 
28787 
42358 
72741 
40372 
94557 
566 
44225 
27159 
83897 
68869 
34741 
10578 
26036 
74816 
38741 
6363 
65884 
91827 
81551 
35095 
31848 
45766 
50951 
48540 
77577 
90437 
60073 
86138 
92301 
80657 
12143 
8755 
61108 
43594 
38897 
81114 
55437 
26973 
64338 
30722 
66881 
91528 
91223 
90012 
20855 
53170 
15533 
26518 
93970 
21126 
90747 
14071 
33359 
82804 
57555 
2433 
49998 
58837 
13463 
80873 
90818 
83400 
21851 
60585 
16245 
24300 
10944 
3407 
95681 
60098 
41982 
87612 
97851 
82183 
94642 
93941 
16494 
22865 
2892 
18847 
58422 
28654 
63401 
4278 
87036 
14831 
52189 
34757 
49331 
26182 
23509 
47524 
1419 
75118 
52780 
72470 
76587 
80207 
91598 
302 
38795 
98964 
35490 
59252 
50302 
80664 
37176 
41914 
67359 
36949 
30290 
60177 
60494 
77972 
89698 
72382 
35042 
27083 
58101 
8723 
68150 
74569 
40538 
32840 
3386 
57636 
8099 
93048 
48388 
8100 
45868 
76911 
83677 
62709 
65047 
19526 
6613 
2836 
15230 
36276 
13133 
71654 
67953 
4427 
91346 
77970 
57537 
12121 
56653 
85634 
15943 
67374 
98096 
32172 
11711 
29191 
95470 
63792 
39306 
99218 
93977 
83539 
67019 
16742 
88309 
27033 
99990 
8326 
62911 
75101 
67581 
6930 
25914 
94264 
84186 
48404 
94478 
29796 
59647 
30943 
33331 
26388 
49461 
24657 
75071 
4976 
20165 
31755 
86290 
55327 
39575 
7118 
18816 
51149 
51468 
96015 
60221 
38130 
14096 
96553 
99045 
20359 
85503 
5461 
16138 
31594 
17638 
93564 
27628 
43764 
25449 
55908 
25349 
40101 
23376 
86362 
40868 
14264 
86225 
99073 
43412 
20657 
79312 
86126 
24472 
38560 
90106 
88651 
85560 
62760 
8706 
92451 
9814 
94368 
80569 
43831 
17042 
92215 
78292 
83395 
34746 
65789 
36722 
75090 
81231 
30735 
17481 
53624 
73935 
44337 
34682 
2449 
1322 
30452 
93677 
7367 
43467 
24438 
29122 
69216 
50445 
42086 
56040 
23802 
35751 
27927 
48064 
74408 
72075 
29466 
78210 
36648 
33040 
31724 
25464 
71664 
64438 
24925 
62620 
70329 
21008 
91088 
68862 
65022 
93613 
70674 
80921 
60178 
57969 
30049 
14234 
53003 
9190 
46032 
21265 
55612 
2877 
75666 
10779 
30477 
57872 
94883 
36067 
19623 
40294 
17505 
42912 
33265 
57755 
19536 
48847 
41972 
64161 
14544 
72450 
86531 
60242 
16206 
14978 
25674 
58136 
4866 
50701 
74709 
98422 
22965 
72477 
94886 
80249 
45578 
73883 
72060 
94346 
71592 
22270 
66378 
58935 
14891 
90897 
4463 
66932 
35150 
66194 
3329 
57416 
98414 
33858 
83496 
46378 
69569 
51100 
44509 
77603 
8873 
76474 
58372 
43137 
87543 
77003 
97754 
36398 
94831 
41642 
65054 
94698 
61022 
67511 
18931 
18470 
44607 
74843 
89623 
60222 
22609 
86936 
86452 
27305 
87778 
48527 
74839 
96177 
90261 
66498 
55711 
96998 
42337 
70643 
31340 
92693 
46181 
86146 
18387 
37308 
54064 
46310 
28245 
39409 
6230 
17090 
21322 
28404 
93243 
33224 
25381 
12128 
6697 
47414 
36799 
30108 
18799 
85576 
73114 
78290 
71369 
63853 
15653 
62915 
83025 
51489 
92790 
28007 
91383 
8954 
77187 
17709 
67515 
44961 
59146 
47838 
25406 
46173 
92082 
53300 
23887 
28427 
82434 
69876 
78226 
91818 
65991 
16052 
981 
28019 
46530 
87921 
21389 
69772 
31104 
76619 
79575 
74186 
95144 
17215 
5252 
80530 
3758 
97594 
31809 
91364 
59927 
63053 
84271 
16784 
32044 
64761 
50413 
60129 
47104 
41435 
87376 
29144 
41997 
72165 
17129 
70968 
94061 
53188 
40415 
5156 
43380 
32828 
44588 
97220 
59573 
93933 
77607 
54612 
54330 
25252 
76192 
20852 
49737 
26158 
78195 
76724 
74384 
86837 
50247 
4657 
11738 
21853 
2311 
56060 
12300 
93411 
25993 
57335 
59295 
11658 
28985 
98545 
60710 
11414 
96846 
1397 
87995 
22510 
95258 
88197 
65570 
49678 
4065 
79798 
51702 
73305 
22804 
54024 
44552 
16237 
48628 
38193 
58063 
11126 
11707 
93237 
18921 
93889 
76064 
64869 
52554 
89711 
97197 
26606 
88538 
50886 
28921 
33146 
57644 
63902 
31617 
7208 
72063 
5486 
18380 
33624 
7249 
21830 
76679 
26603 
46102 
32512 
70249 
80682 
22033 
33631 
64490 
79807 
25008 
46929 
4506 
63293 
50829 
75149 
76182 
67498 
8262 
69033 
94864 
27283 
54321 
12484 
98059 
52889 
49799 
86632 
93797 
94880 
191 
48853 
749 
36117 
5099 
1669 
54879 
27410 
80341 
89372 
11482 
77225 
39218 
25760 
61692 
99105 
77771 
1548 
19771 
10526 
40029 
14273 
74712 
51913 
37042 
72797 
91675 
72355 
21235 
54850 
75624 
36520 
63566 
67621 
12181 
70691 
80941 
96889 
8560 
51439 
98840 
24148 
77534 
46549 
49184 
48493 
76418 
87435 
53629 
77285 
49837 
7278 
21197 
14242 
45138 
15146 
73799 
82971 
29811 
6826 
43811 
51165 
26798 
67754 
75386 
58972 
96764 
27491 
44239 
46246 
22599 
2550 
58550 
69408 
25639 
17899 
27546 
66939 
8946 
48920 
4695 
39923 
90287 
42741 
31029 
52106 
87049 
99204 
43091 
66402 
33195 
99741 
21117 
63698 
44937 
6463 
20748 
29561 
7619 
39142 
14527 
526 
89040 
15703 
50623 
36111 
54816 
40604 
18265 
32365 
66163 
96532 
69308 
48255 
70825 
64937 
71354 
37479 
13338 
43120 
66986 
93916 
34858 
27960 
99267 
63947 
91531 
88304 
94109 
67491 
12800 
2331 
41671 
81486 
85836 
6096 
69048 
73135 
21146 
41251 
7993 
77910 
98115 
23904 
97862 
71371 
55982 
95786 
85635 
66161 
54772 
59241 
35581 
94953 
28192 
9008 
43783 
28931 
31989 
32557 
72581 
34751 
1093 
35298 
89826 
73279 
48476 
11264 
28477 
63515 
74614 
2004 
85611 
25307 
78608 
92917 
63061 
90252 
24129 
40872 
3954 
26628 
46147 
18440 
16820 
64246 
62236 
45499 
83425 
84117 
35099 
5360 
68479 
58104 
96233 
67831 
33470 
51467 
65634 
35605 
50577 
11443 
29947 
31596 
48459 
87481 
97324 
41532 
93431 
27008 
53129 
14634 
45301 
37858 
6802 
53052 
52138 
34798 
51647 
27817 
64775 
37719 
35609 
1038 
95987 
66573 
28387 
49334 
30215 
41809 
5293 
42516 
34376 
91864 
20446 
68824 
93679 
32289 
6805 
11692 
24710 
24611 
71294 
5106 
20207 
48138 
97886 
64991 
75251 
61582 
21499 
51773 
89986 
57484 
33889 
39849 
91320 
37572 
93962 
644 
3900 
19261 
53091 
75971 
46425 
85452 
43937 
77957 
67544 
53349 
65162 
41269 
6310 
70837 
47242 
76928 
66639 
76800 
6913 
53866 
48987 
98731 
91988 
7480 
45952 
48448 
96587 
40066 
43956 
33595 
68564 
86 
49938 
81306 
90524 
38034 
65104 
76344 
55544 
99880 
56027 
96973 
82159 
97264 
67238 
35045 
45727 
69596 
36612 
49639 
22967 
94936 
81949 
28366 
53817 
56871 
99372 
25290 
69000 
97657 
15820 
95612 
30197 
82740 
25936 
1121 
92856 
88020 
93707 
86135 
26258 
5930 
38364 
79936 
80178 
74545 
92935 
53674 
69427 
35145 
61504 
90796 
44460 
50979 
15413 
83100 
8652 
31246 
22643 
65975 
31856 
9197 
27346 
17337 
93434 
49726 
4266 
5216 
42008 
43145 
50188 
51704 
91369 
49263 
44053 
92224 
78070 
41254 
21795 
30334 
85060 
50595 
71993 
76646 
90496 
11129 
96616 
57683 
11620 
86245 
94301 
22790 
57676 
98370 
24039 
51650 
76645 
67488 
18486 
44660 
81224 
3270 
15366 
88452 
5945 
13622 
72828 
13382 
83635 
63144 
67211 
91337 
47755 
1631 
47024 
64950 
69999 
40532 
33854 
121 
47945 
37680 
32891 
71081 
47953 
94602 
55387 
7236 
55532 
81097 
13370 
9102 
30531 
67702 
57367 
38791 
49164 
38491 
76561 
7976 
32961 
46918 
34487 
28326 
74136 
78997 
14796 
8952 
59823 
75232 
84353 
4945 
19968 
73573 
3309 
74298 
95286 
86473 
89371 
16342 
77545 
17627 
27831 
40625 
78502 
23692 
48707 
7955 
91773 
87283 
67644 
30172 
22772 
14783 
75319 
48366 
99733 
7899 
30375 
39224 
44951 
60014 
12310 
34301 
66501 
5041 
61103 
12685 
98131 
10743 
12373 
10287 
97091 
70972 
91114 
79810 
8241 
91641 
89988 
58374 
88044 
72932 
64529 
3056 
66696 
68609 
54424 
60697 
72853 
54680 
58642 
36528 
13747 
23631 
92941 
42711 
13294 
4795 
33583 
75099 
94952 
92574 
22041 
54507 
26610 
31136 
73831 
83459 
89575 
80898 
38296 
35830 
11484 
78763 
13574 
58990 
2634 
91380 
75665 
64194 
50629 
92076 
47455 
96023 
93513 
37765 
77295 
22739 
72161 
34743 
38452 
75744 
68422 
2074 
68243 
26569 
87876 
30065 
25744 
27726 
30281 
33385 
86685 
42033 
16796 
48681 
72491 
75721 
56930 
73560 
25611 
48414 
29819 
37924 
62211 
47677 
97485 
99147 
4394 
63126 
98385 
31832 
44019 
34643 
45557 
13355 
33135 
24835 
41958 
95880 
46097 
50897 
35979 
71799 
26371 
83981 
89258 
70631 
43814 
32513 
85644 
42939 
71651 
8371 
60811 
40969 
57906 
34691 
56420 
45152 
41399 
36607 
51274 
89076 
35649 
87216 
55062 
70255 
26265 
1558 
82978 
73438 
35244 
56960 
91274 
81233 
29214 
17021 
42836 
9982 
81877 
67612 
95346 
10638 
90842 
91302 
86753 
41590 
46276 
83903 
98138 
64816 
48437 
65134 
10617 
55420 
12756 
47101 
65027 
3652 
6889 
92708 
53987 
50857 
23256 
48083 
5235 
51658 
43702 
8385 
2446 
47613 
2332 
73842 
16964 
56084 
93333 
51359 
79461 
31587 
61033 
913 
79297 
90923 
6741 
6998 
46469 
70282 
69434 
2561 
1716 
85257 
13519 
93148 
69668 
4404 
34907 
52053 
82517 
50572 
16112 
58488 
34212 
40409 
4846 
75430 
24291 
93124 
49216 
12118 
25954 
61034 
96614 
97212 
415 
17356 
39281 
70295 
94537 
3042 
41186 
5273 
40075 
32743 
962 
34926 
32631 
39094 
68808 
12320 
79520 
4484 
32278 
88428 
87927 
86722 
76255 
40320 
85345 
28736 
12340 
69102 
57565 
13619 
56577 
3319 
29426 
80075 
52937 
46506 
69221 
97378 
2918 
46792 
67054 
59869 
74398 
21056 
29687 
46073 
21172 
88453 
81934 
94822 
83722 
6978 
9720 
48600 
33137 
46688 
5448 
37428 
18591 
91711 
60030 
83173 
30483 
69824 
40644 
54821 
68361 
3925 
9723 
89582 
26991 
98692 
35509 
73409 
35399 
23659 
12286 
77909 
28033 
74359 
34641 
79063 
2461 
31826 
28083 
81554 
85241 
9528 
54905 
34244 
71934 
46524 
81547 
83274 
14491 
13171 
43807 
2144 
93550 
79820 
53121 
30256 
57035 
35670 
89528 
35719 
43918 
16725 
79998 
75333 
98254 
42301 
10790 
81210 
61609 
73223 
52505 
46074 
19216 
4851 
94115 
81886 
16871 
87785 
93520 
21636 
94066 
93253 
806 
59648 
14948 
81653 
97082 
49070 
65995 
31077 
71601 
64687 
24706 
68295 
85597 
75359 
55490 
26164 
95768 
39959 
27825 
82157 
17869 
94801 
8090 
60817 
95005 
10508 
30870 
38448 
45377 
44685 
18196 
11254 
40762 
16118 
99807 
55588 
65248 
16125 
13229 
59185 
19800 
46467 
46490 
42477 
70805 
89266 
42325 
2641 
92568 
41635 
79220 
77028 
62349 
41086 
7405 
25655 
99739 
22724 
27815 
69779 
26066 
50502 
64544 
57953 
14958 
47609 
73136 
75777 
67864 
76656 
17977 
55222 
65690 
37299 
35793 
33465 
71158 
7231 
76161 
83371 
57494 
31390 
81758 
79924 
40633 
39087 
9413 
49640 
56934 
9124 
37159 
90981 
37758 
85630 
47088 
20460 
93252 
5750 
11659 
45374 
17995 
51453 
7670 
85787 
82354 
57002 
30475 
78239 
4087 
96930 
31209 
2895 
32736 
23348 
89294 
95479 
34568 
72909 
51543 
50002 
34175 
86775 
61751 
91124 
7604 
95400 
9368 
34753 
83034 
28910 
70542 
23812 
20475 
48591 
73817 
71826 
16464 
49228 
10560 
99033 
31511 
95664 
58062 
53672 
13494 
38157 
44868 
65237 
67192 
96137 
84997 
98860 
67468 
59915 
55852 
69909 
77589 
71486 
89081 
9651 
48336 
34167 
84208 
18826 
72944 
46117 
67504 
30075 
20740 
65956 
13012 
34711 
29747 
86801 
63146 
50048 
57159 
87501 
25376 
20763 
69703 
8553 
61535 
66669 
48552 
5072 
77279 
33772 
30300 
47519 
15224 
96063 
1936 
62199 
65722 
67099 
23933 
70662 
1049 
65313 
42571 
31172 
25955 
43432 
38221 
66115 
4187 
51829 
12446 
56267 
83598 
56829 
85819 
96473 
86052 
74954 
45079 
75036 
52818 
53637 
57234 
81132 
19980 
38507 
6983 
27477 
63593 
52399 
85773 
53563 
31673 
45649 
58274 
92093 
19104 
61899 
22759 
37994 
26191 
19185 
85444 
17408 
80683 
71627 
86345 
59457 
92146 
57832 
83326 
70869 
19724 
48974 
53839 
18743 
93233 
29948 
81684 
53695 
98300 
37062 
60314 
74367 
66369 
24099 
67217 
11206 
47556 
59349 
44538 
403 
3678 
83760 
98785 
62674 
84931 
23499 
66283 
18593 
78151 
78961 
87433 
40361 
72567 
79795 
93528 
64943 
74859 
14562 
14085 
50561 
32435 
56516 
58442 
22345 
29494 
59101 
42576 
98510 
20684 
3749 
86329 
45203 
33018 
6591 
32000 
20422 
98984 
25295 
49622 
87132 
4480 
56237 
78898 
45953 
2186 
32515 
20435 
7752 
18098 
6548 
90835 
96571 
55502 
67727 
82608 
87316 
20342 
79970 
34082 
32508 
46595 
67486 
12887 
46892 
48371 
88626 
84620 
98950 
35546 
60265 
8996 
35531 
34088 
56347 
79498 
21176 
3747 
24496 
72661 
66273 
78970 
19659 
26256 
31025 
53958 
74201 
17341 
99656 
33544 
95678 
81369 
15330 
63449 
49440 
55637 
69597 
97925 
73352 
95369 
74005 
97607 
8127 
43560 
72897 
59731 
6292 
46220 
90209 
78203 
2207 
85420 
63239 
87536 
12807 
48620 
46804 
7643 
94887 
62449 
44190 
74560 
82860 
77536 
57308 
70213 
35201 
20986 
89538 
71474 
91682 
641 
54373 
46649 
41966 
83150 
46801 
90678 
71133 
78124 
16474 
85323 
72135 
29668 
89354 
63761 
89583 
62744 
48645 
28810 
16938 
29801 
93505 
89745 
81596 
79119 
4099 
24185 
3889 
73155 
44805 
95381 
56997 
10843 
67077 
66042 
26018 
11338 
56547 
73188 
65821 
32555 
16948 
79434 
77514 
98065 
27017 
18862 
57290 
2958 
93855 
7854 
32682 
53927 
62885 
98348 
75771 
84883 
9449 
93951 
6988 
74876 
98043 
29652 
88189 
66738 
98504 
48915 
91645 
61294 
68477 
92453 
56541 
87959 
54289 
67700 
75563 
79691 
22325 
50232 
61280 
61549 
72466 
32384 
9685 
18813 
27299 
70910 
86433 
39686 
66977 
88129 
97825 
61258 
64988 
67339 
8629 
54462 
70794 
14586 
72472 
89763 
57059 
73699 
58479 
8248 
59397 
37488 
55409 
11290 
49337 
8075 
11857 
2854 
35266 
68273 
96840 
18600 
92806 
33334 
31962 
28675 
42617 
13757 
46598 
62228 
33455 
6976 
50252 
85890 
96198 
5352 
19719 
87903 
51312 
354 
18396 
64906 
14557 
2882 
20537 
82818 
49146 
68704 
67651 
46926 
26890 
27252 
0 
56995 
67694 
38735 
49236 
61292 
9179 
37081 
22953 
41416 
19427 
78411 
25370 
56729 
58426 
83983 
62546 
85254 
20510 
83807 
49684 
38066 
70767 
2040 
12596 
3546 
25522 
69760 
15695 
97020 
37131 
74232 
87576 
466 
56860 
82399 
33901 
12745 
6362 
14505 
84022 
52010 
11776 
27509 
82908 
18689 
41471 
7858 
27512 
39028 
58722 
11432 
41244 
7901 
33181 
17470 
53534 
46002 
43442 
14590 
1139 
85882 
29855 
70258 
96042 
86925 
63646 
95377 
59269 
10346 
36153 
52080 
60703 
37664 
18267 
25856 
60361 
60881 
55803 
26266 
68376 
70689 
37786 
29957 
66961 
85195 
20060 
54546 
62183 
65268 
19833 
3867 
57691 
28949 
86735 
62273 
13319 
16531 
64669 
32720 
32258 
2212 
39188 
70976 
15744 
22477 
2292 
54787 
6005 
47721 
27220 
48001 
37873 
11492 
81591 
80525 
61542 
21452 
51454 
4562 
67337 
83350 
1613 
63212 
11975 
42004 
99504 
10187 
84990 
98688 
28092 
56851 
54945 
26244 
97537 
91514 
3094 
44137 
47012 
58875 
92165 
54016 
78315 
75216 
92977 
43348 
5869 
19895 
44593 
34552 
8304 
75507 
25384 
42610 
30085 
6167 
29581 
24094 
75663 
48380 
25778 
35106 
15683 
42353 
94565 
46332 
96546 
15516 
1920 
12123 
79126 
75486 
82068 
69271 
99627 
15599 
72602 
39844 
97589 
29765 
81470 
64909 
85911 
86784 
10769 
43931 
47973 
66323 
80301 
74414 
20077 
48518 
50546 
74646 
32595 
92789 
94230 
37812 
5524 
53290 
3282 
83367 
13585 
93850 
90665 
57357 
61340 
82447 
57436 
46978 
87238 
33809 
21603 
23780 
28276 
58419 
66736 
73206 
13470 
18504 
68801 
36832 
2728 
34891 
3178 
85397 
48063 
98836 
48242 
5929 
36879 
98905 
9466 
47497 
55929 
52943 
72699 
87107 
8554 
51452 
67719 
14195 
29116 
23559 
8882 
71633 
39135 
59464 
26462 
58424 
74630 
71079 
35449 
12073 
7809 
14618 
57949 
52671 
12089 
83631 
1732 
8834 
25338 
22439 
4584 
168 
53523 
2742 
28792 
82244 
26193 
16040 
95881 
61402 
59649 
6814 
50681 
68914 
94370 
95325 
71618 
93392 
73166 
44221 
70903 
34960 
11076 
70430 
70363 
21993 
7033 
54356 
25758 
98812 
27363 
56112 
29055 
90633 
95167 
41070 
76208 
92982 
99475 
53953 
19363 
1925 
1305 
13851 
42342 
85466 
38153 
17278 
52186 
51864 
40521 
68923 
84169 
93827 
48412 
96478 
31630 
7291 
84011 
40978 
43824 
79877 
90115 
52496 
6799 
8916 
73156 
70466 
9302 
87920 
83977 
11047 
47696 
86302 
44532 
22105 
10074 
10531 
34772 
7687 
84881 
9876 
9921 
86423 
50965 
45633 
38150 
76936 
97136 
30083 
43443 
97465 
146 
19723 
52814 
30888 
35527 
39160 
75881 
55153 
57253 
24715 
84944 
52014 
62365 
27799 
95414 
25123 
77233 
62917 
46516 
82957 
90978 
13614 
54894 
63642 
89478 
95751 
92383 
78578 
37717 
72576 
5456 
71516 
37134 
33944 
63255 
23384 
63579 
83534 
23418 
68926 
29559 
54997 
46715 
79507 
25298 
47380 
39321 
21746 
8153 
94804 
63095 
94979 
57775 
90188 
21089 
96320 
86054 
17127 
12786 
1960 
29435 
29365 
57982 
16746 
11939 
42955 
73720 
97841 
97073 
42951 
26243 
33081 
47023 
60417 
59690 
76200 
58599 
52616 
22241 
95646 
51166 
94810 
94121 
39938 
60599 
17872 
55356 
57921 
12424 
88474 
69471 
42734 
12839 
42081 
70552 
74224 
71947 
72289 
16919 
58049 
97443 
52160 
16219 
2245 
62891 
28421 
64216 
10299 
10701 
59664 
94687 
8513 
93560 
89121 
37193 
26593 
42713 
14342 
97236 
36038 
22681 
43949 
37551 
81517 
14434 
66884 
18301 
74576 
38783 
56094 
14528 
2375 
78242 
21944 
91951 
34812 
63672 
96164 
63152 
33988 
93880 
75825 
2723 
27967 
82663 
49226 
52916 
37528 
47517 
2912 
5431 
57042 
12719 
24652 
85198 
51276 
78650 
79304 
73224 
48199 
50062 
30797 
79365 
97791 
10343 
18570 
14508 
51073 
78569 
70803 
91321 
85945 
98520 
60002 
13248 
54171 
67363 
9218 
23795 
38993 
71404 
27354 
10153 
92406 
4645 
63382 
96267 
68644 
35420 
4471 
20110 
3809 
91640 
81500 
72610 
62732 
1815 
94038 
20331 
70738 
11648 
71500 
23656 
16431 
1185 
89769 
81999 
38638 
14672 
86194 
36688 
23225 
93714 
85995 
91853 
39130 
68162 
62564 
68208 
7139 
77290 
43193 
73157 
23810 
66883 
54181 
36323 
35158 
62847 
48808 
25357 
24142 
44711 
70118 
6317 
49755 
25358 
6135 
62290 
43080 
74388 
96728 
36428 
67473 
50144 
3928 
93107 
56985 
56806 
16696 
56762 
11052 
31748 
77365 
52414 
32710 
62612 
70434 
76009 
20966 
19786 
24309 
17484 
79833 
12463 
20600 
15639 
17979 
77483 
43746 
20498 
14592 
27207 
74316 
76504 
95180 
7003 
47802 
53967 
97769 
81247 
20074 
52969 
29286 
3916 
71957 
51910 
41541 
81984 
77861 
77039 
16610 
60901 
3545 
20204 
78950 
90928 
28470 
53108 
59058 
72985 
49132 
68447 
5418 
72452 
28999 
15545 
10809 
86537 
65482 
40518 
8179 
32454 
12637 
69162 
98245 
76133 
15688 
6248 
16404 
17171 
17913 
35170 
84838 
47186 
99605 
75478 
13811 
30040 
35896 
20421 
11419 
83483 
92027 
69622 
90368 
74313 
6206 
26325 
31053 
57877 
10087 
91708 
14717 
93660 
59520 
55702 
64113 
48598 
69621 
11590 
57371 
51850 
32003 
91436 
83615 
14977 
99365 
51204 
2510 
78084 
21645 
73944 
45339 
30237 
95230 
18148 
79715 
91745 
17161 
67801 
56276 
98996 
61450 
7039 
59748 
16885 
11265 
53405 
20526 
60490 
6045 
49248 
28837 
79291 
65051 
74728 
43897 
27876 
9240 
86603 
94735 
24120 
82160 
36953 
37333 
29287 
89144 
54704 
72662 
37481 
21208 
79855 
42889 
80465 
59441 
68397 
91806 
55807 
63344 
19504 
79186 
57929 
57630 
85985 
49555 
61181 
29921 
88074 
18225 
40990 
63904 
81612 
75575 
48039 
52870 
29124 
64912 
18170 
23530 
73681 
19125 
29978 
99531 
39279 
28117 
21066 
11009 
3384 
58635 
84628 
82294 
87631 
78188 
86774 
91966 
83798 
43253 
28690 
11798 
93536 
20711 
79271 
45645 
43434 
7091 
10869 
6068 
28679 
45590 
40118 
63253 
69930 
23648 
89598 
50972 
48357 
85070 
1074 
55601 
70281 
47986 
66151 
10805 
49862 
84060 
76041 
78208 
52921 
25019 
71199 
59127 
74357 
74338 
98175 
15262 
33279 
8125 
31911 
37144 
20416 
397 
1263 
15141 
24097 
62726 
97127 
18545 
49653 
25039 
58008 
82924 
27889 
33193 
88720 
51888 
61042 
77131 
53546 
70483 
4931 
2888 
79643 
64695 
52480 
15570 
98274 
25258 
45100 
98380 
25943 
68248 
21251 
62333 
15084 
9068 
52087 
98338 
90907 
85820 
20729 
34494 
4309 
64638 
61821 
19244 
2849 
55551 
53759 
49561 
56167 
57377 
16378 
56697 
80864 
47508 
31683 
69793 
34887 
59747 
11224 
38374 
41428 
13764 
24818 
47183 
22881 
66294 
4599 
8330 
75940 
83595 
91366 
36803 
20244 
4291 
7074 
17375 
18143 
71647 
67911 
96162 
29502 
55232 
46823 
26887 
89783 
56411 
58176 
56257 
53766 
70288 
14287 
49585 
84352 
50981 
89543 
82654 
81856 
70842 
81278 
92973 
16435 
74177 
35596 
24443 
13847 
54366 
17340 
36603 
81902 
74536 
13226 
80085 
74602 
6166 
78680 
56641 
56322 
24389 
25213 
21690 
70876 
99904 
62201 
77688 
52701 
2805 
96759 
69888 
29219 
47674 
17525 
3151 
51828 
63848 
14595 
52199 
21794 
254 
68705 
81451 
41784 
65720 
29727 
28179 
65751 
95030 
13894 
9060 
48428 
66084 
60035 
73828 
20772 
33742 
3346 
32182 
55541 
77453 
47943 
5935 
45835 
49642 
18366 
1292 
95256 
78626 
85840 
38049 
96625 
45250 
28292 
53595 
14206 
5229 
78159 
61476 
40093 
33572 
387 
8126 
16596 
38886 
56831 
623 
19334 
65445 
45861 
4517 
5574 
25553 
51295 
9389 
14633 
72037 
52247 
75731 
93898 
57391 
10292 
87404 
97764 
72190 
30163 
93079 
88918 
95312 
22684 
24003 
41569 
96971 
91359 
9783 
90323 
36324 
88401 
43611 
95127 
89190 
3679 
43319 
38967 
3879 
27623 
16190 
24371 
58621 
4019 
57054 
71552 
49542 
40951 
29337 
60483 
67687 
21887 
74780 
433 
98222 
80123 
21526 
41678 
34576 
58878 
82255 
25690 
87504 
74249 
48275 
39380 
33596 
58319 
24285 
60653 
76055 
42195 
79959 
87827 
93011 
96499 
22486 
27331 
79392 
31370 
67638 
66851 
30765 
92850 
95956 
92621 
6218 
85145 
5162 
35143 
86752 
3681 
10272 
58688 
47968 
40343 
91760 
37259 
59676 
20001 
25494 
82626 
86707 
88284 
21282 
77692 
87588 
79563 
47181 
90576 
26613 
25488 
64628 
4543 
82672 
75923 
98542 
40353 
28669 
41398 
63548 
34575 
8314 
46301 
28118 
89508 
36213 
55037 
90282 
64299 
67743 
81964 
35477 
89705 
11413 
57176 
52452 
61887 
85034 
38686 
90446 
67320 
89867 
80947 
79723 
7222 
81941 
25400 
63098 
87011 
81959 
18611 
89813 
38653 
95819 
81657 
37459 
94895 
77317 
52501 
62207 
15389 
87835 
83343 
20135 
18269 
51092 
24409 
64264 
34052 
76720 
2617 
59454 
22161 
75892 
76873 
78899 
14735 
73953 
22605 
6981 
40456 
42386 
66772 
97124 
29300 
31526 
22218 
10682 
92620 
19245 
88491 
30248 
55125 
59108 
94101 
72945 
8702 
74704 
66062 
60340 
43740 
99396 
71522 
58710 
35347 
7455 
53132 
27765 
35600 
42822 
45730 
70782 
15525 
13741 
98969 
20477 
99200 
16108 
93719 
67456 
62743 
54937 
59578 
2917 
43762 
45794 
43894 
19596 
23021 
57459 
17959 
75577 
25931 
52453 
11304 
42554 
83394 
86566 
42211 
95687 
56172 
51717 
9384 
20405 
74140 
77645 
58792 
3731 
4240 
20502 
75926 
47487 
31011 
55942 
49962 
70097 
18176 
95686 
51118 
87031 
33124 
30544 
1772 
81576 
86532 
41035 
93448 
9907 
90022 
27583 
35040 
19757 
94399 
13628 
8701 
41948 
67073 
35877 
56790 
94774 
58059 
40150 
53022 
49233 
17195 
79317 
39003 
51279 
64646 
80014 
91429 
47522 
38563 
16424 
31990 
4008 
71883 
3892 
4299 
21664 
79055 
46427 
57144 
17019 
8904 
77961 
42207 
60538 
96884 
9566 
10335 
66431 
35316 
84067 
4740 
56025 
90673 
22235 
43287 
94468 
69851 
7757 
31266 
59903 
28398 
3416 
95531 
3814 
8176 
79009 
71378 
72323 
29720 
93403 
63562 
98405 
19284 
26734 
75459 
89409 
94516 
27878 
49576 
71471 
33219 
56591 
50421 
88079 
81933 
33080 
22913 
94747 
94082 
70735 
37002 
74383 
76427 
2481 
26670 
77428 
85287 
29035 
17482 
8835 
65335 
5920 
16941 
96390 
82149 
45968 
48958 
50070 
89748 
87512 
47356 
21540 
45890 
4477 
53885 
77690 
72305 
56427 
5516 
12874 
71333 
40980 
44178 
15290 
74979 
60077 
45019 
72675 
71274 
51491 
52546 
53232 
45759 
20411 
37336 
60241 
35101 
30155 
2860 
51545 
12882 
22057 
66275 
79872 
37493 
57112 
50863 
33321 
77108 
43922 
3062 
47277 
34053 
16915 
16212 
93397 
601 
24414 
14605 
93742 
63681 
20571 
48418 
75928 
85852 
49846 
23880 
11542 
62079 
19401 
70515 
45494 
14549 
51383 
88464 
21656 
84626 
5378 
21713 
22278 
58570 
57038 
12907 
86915 
17251 
29545 
91312 
60905 
50097 
73065 
16582 
19869 
46938 
49492 
17140 
61174 
7327 
82374 
14322 
28208 
51088 
15271 
17300 
27756 
21001 
5925 
92918 
30472 
98783 
38189 
95739 
49952 
5706 
6879 
69535 
81344 
53634 
62151 
83446 
77670 
18303 
89596 
19627 
24254 
99749 
68966 
41156 
69285 
44548 
97765 
73174 
98457 
76904 
68980 
30240 
52991 
42026 
46683 
76225 
76856 
8089 
44899 
80145 
59912 
24436 
78976 
42345 
23739 
22304 
80446 
66476 
34240 
4542 
99818 
34057 
81290 
78307 
23852 
30387 
6956 
72199 
13565 
10699 
44850 
97401 
55291 
52707 
86317 
67087 
17593 
86944 
25651 
84361 
28401 
50763 
96598 
97901 
12049 
74875 
21130 
56734 
56844 
52857 
30673 
93420 
13288 
92376 
23911 
7221 
95473 
47535 
32965 
16502 
25529 
80275 
66604 
16132 
14188 
62668 
99628 
63467 
16810 
65298 
30259 
8219 
22159 
24209 
58077 
72789 
55879 
81250 
30701 
98319 
25220 
62794 
93817 
91450 
3966 
31762 
75827 
77463 
70907 
57796 
59275 
64931 
3915 
11030 
85619 
51244 
79787 
30385 
1259 
17714 
88966 
30596 
96028 
50817 
86749 
55468 
860 
77467 
36368 
43829 
31739 
27186 
58208 
29242 
45593 
60412 
12590 
84908 
4910 
47275 
35423 
20557 
1003 
56957 
24841 
43134 
60752 
16054 
58695 
51884 
62432 
1981 
3608 
5851 
55355 
93891 
40259 
41420 
74786 
17724 
30605 
99920 
5365 
6329 
61305 
29632 
86581 
29355 
25634 
76290 
80117 
62184 
728 
20269 
9286 
58279 
74531 
11845 
56343 
25590 
29433 
92341 
16645 
88293 
71436 
82007 
91919 
79518 
85190 
15476 
99581 
44249 
79223 
7207 
98441 
26394 
20484 
73171 
66875 
25584 
29620 
49142 
58692 
72263 
47573 
15302 
96815 
55708 
4707 
34408 
90733 
6203 
2368 
548 
76460 
29601 
51698 
20051 
5386 
48325 
67470 
35947 
63922 
6298 
44657 
23003 
10147 
31940 
20426 
94555 
35177 
75531 
71243 
80545 
23245 
27255 
18459 
28442 
68492 
56383 
85435 
65470 
99065 
20765 
89253 
75197 
30052 
54584 
44765 
63411 
96755 
96160 
99518 
67490 
90790 
94856 
69209 
49623 
35245 
62003 
87801 
21684 
57648 
12899 
59991 
40331 
51221 
84040 
94894 
54202 
29068 
91847 
16139 
66411 
28648 
3036 
24077 
82988 
88138 
98885 
76867 
62156 
73212 
12894 
51951 
24702 
85023 
95157 
11801 
77212 
37764 
85450 
72251 
81592 
60408 
92572 
92246 
42487 
66416 
78894 
43878 
46884 
38990 
6869 
83763 
92921 
89970 
92047 
6692 
92306 
99054 
43917 
53732 
81866 
44362 
45346 
50278 
94485 
9818 
63298 
18994 
57093 
76184 
57339 
32683 
97696 
85440 
77340 
42663 
77955 
69058 
51594 
11102 
87074 
60327 
19487 
85833 
68228 
22842 
50740 
79175 
29456 
99235 
10353 
14545 
99821 
95285 
55772 
78467 
161 
58619 
19754 
73636 
22256 
19680 
36169 
61231 
69504 
47657 
59233 
27903 
30193 
36206 
11719 
3851 
53894 
36770 
44395 
95201 
51318 
52956 
76872 
44756 
75689 
12423 
72177 
96903 
65030 
29440 
77624 
95237 
15624 
40986 
44809 
52082 
4963 
75913 
45533 
66647 
65926 
34792 
62068 
52714 
44007 
42390 
51731 
52712 
84760 
38962 
98653 
29966 
5889 
91763 
4715 
38895 
75123 
38709 
34948 
41717 
84523 
91343 
58266 
45642 
53109 
55849 
12583 
58885 
12268 
37421 
46253 
48999 
59466 
35235 
50501 
15970 
20534 
47017 
87109 
56384 
78241 
63749 
31291 
21547 
69837 
73242 
4659 
25007 
72693 
77038 
26738 
85184 
46494 
86483 
47030 
47816 
32886 
86924 
48142 
23754 
26797 
61242 
66633 
90231 
92515 
33891 
4351 
23175 
75851 
1353 
9362 
69406 
96424 
13579 
45619 
1147 
99516 
11436 
16023 
77019 
20704 
64330 
21143 
77248 
63634 
16344 
9010 
30368 
71688 
53717 
61344 
3291 
50693 
87488 
12156 
75809 
621 
90008 
28556 
38420 
65886 
37220 
30349 
60843 
97974 
16682 
91173 
39474 
63945 
91417 
42281 
31141 
4887 
32189 
87167 
96435 
79261 
84354 
74675 
81611 
98490 
63404 
77341 
47639 
2517 
79704 
13152 
28652 
91433 
64130 
82981 
34325 
27912 
71318 
94320 
84942 
19739 
1262 
49286 
34010 
31860 
35217 
27430 
12230 
20588 
57531 
90364 
49725 
31180 
43637 
1448 
38050 
31871 
96178 
12017 
60348 
27694 
23848 
94358 
59325 
15508 
59259 
76786 
44698 
19759 
56536 
47318 
75897 
62634 
24641 
11619 
88109 
56672 
53236 
9546 
20918 
97394 
40091 
26665 
70082 
64352 
96506 
30614 
28021 
20040 
57430 
58495 
7542 
27123 
19207 
56582 
21991 
30687 
80437 
16504 
7361 
59493 
73315 
1843 
21136 
23842 
5550 
31258 
75447 
83966 
7900 
4845 
59173 
24551 
80761 
8420 
17145 
42357 
12259 
46927 
48068 
51687 
21387 
19321 
35041 
67145 
35502 
48990 
75836 
38078 
18511 
40662 
29799 
44388 
29304 
77383 
8066 
44088 
17432 
74373 
97973 
66326 
16473 
94251 
46324 
6000 
80725 
67115 
23465 
83405 
28795 
40406 
33387 
41174 
97176 
93337 
12885 
71523 
45135 
66984 
25601 
37394 
34979 
74540 
46899 
64732 
36947 
39860 
83925 
2546 
16027 
40963 
7333 
58546 
64881 
75461 
51815 
45618 
53392 
31515 
48561 
93198 
56465 
87593 
28281 
9080 
43157 
17074 
9597 
94964 
28137 
13890 
8894 
56149 
99323 
99690 
40227 
19433 
8247 
65185 
91014 
20733 
59248 
12283 
32279 
59993 
82584 
63393 
48462 
21400 
39709 
55642 
83254 
55326 
80214 
58680 
11613 
83829 
87388 
58315 
81371 
23665 
80358 
71818 
53594 
93034 
14828 
42013 
31490 
23790 
85657 
27693 
71822 
68944 
98549 
51820 
76887 
67502 
48998 
34319 
52895 
98121 
47014 
32479 
40255 
33373 
16850 
37410 
18834 
35983 
53973 
75648 
95575 
53743 
78662 
56278 
65943 
86995 
93063 
71659 
84634 
99387 
65363 
27434 
78560 
93819 
15606 
22421 
71984 
30177 
54112 
2924 
9129 
88998 
68290 
43789 
76343 
88662 
48468 
67232 
98612 
17065 
21564 
6343 
11942 
38231 
55029 
47248 
24330 
48717 
34716 
18643 
90693 
5948 
79143 
27796 
46505 
82442 
10017 
25788 
2431 
77563 
74946 
6787 
75635 
1807 
1500 
27724 
43024 
4554 
36788 
74683 
1579 
9911 
12271 
64877 
27514 
67886 
79784 
34549 
11588 
50367 
2733 
59834 
24024 
78934 
44394 
49792 
76461 
84638 
95505 
46672 
84363 
75951 
62708 
29827 
63846 
36725 
45269 
35498 
33303 
22209 
97942 
76056 
24233 
59556 
93932 
58130 
73741 
77390 
70440 
33834 
33741 
75596 
35680 
51342 
86264 
13125 
91976 
12740 
34857 
79566 
53370 
47799 
91805 
55825 
94950 
86510 
40000 
70779 
5091 
47431 
60575 
29829 
64587 
51970 
51796 
75119 
8785 
46571 
59514 
85476 
92811 
82066 
57547 
23381 
92155 
68702 
15583 
90587 
29481 
68349 
36971 
63809 
33069 
80570 
97178 
68892 
41608 
44943 
92299 
6449 
91123 
97958 
33186 
24036 
39268 
72992 
51472 
73280 
76597 
24429 
57346 
75243 
15612 
92035 
577 
96507 
39868 
93195 
75888 
41791 
57476 
85235 
22900 
46883 
70349 
52999 
36232 
92303 
68020 
16035 
15511 
49573 
1244 
12316 
63542 
51678 
51635 
24500 
36063 
5905 
6683 
8277 
27403 
25069 
59038 
89365 
82858 
80163 
11269 
22920 
65058 
65023 
66511 
56826 
44267 
99006 
68952 
2712 
68928 
88775 
36131 
24213 
41854 
23732 
43271 
14439 
87194 
9657 
32477 
88852 
4776 
63952 
49257 
8914 
21278 
31082 
41543 
64440 
54705 
91447 
89284 
64540 
13892 
54791 
67151 
58628 
36339 
87205 
32678 
89377 
24130 
79602 
64631 
6215 
11949 
87414 
35034 
82487 
28459 
2295 
70658 
32558 
50093 
28753 
20519 
48919 
84092 
97532 
60347 
86119 
20967 
73281 
56580 
13896 
81510 
879 
63871 
78341 
30497 
64738 
43965 
26230 
4327 
25617 
61307 
65598 
63815 
66483 
87468 
15560 
38726 
7351 
95096 
9935 
20810 
45017 
9127 
19203 
61676 
68458 
27209 
48163 
94378 
13422 
92268 
8875 
68734 
45143 
59755 
63875 
1170 
99088 
49883 
28 
58734 
19803 
69527 
52427 
35694 
10695 
70978 
93835 
34937 
9486 
75927 
96075 
72285 
2034 
79547 
52728 
73265 
87551 
8359 
50910 
96265 
55926 
86596 
97891 
44581 
94833 
88612 
4639 
49291 
861 
1522 
68784 
15711 
31895 
76333 
48860 
67808 
58484 
54995 
71823 
84603 
33617 
98540 
51706 
81624 
13661 
39263 
39084 
29802 
56052 
42830 
85835 
88300 
28495 
85831 
88343 
92189 
59830 
64600 
77569 
18044 
53623 
70925 
46171 
99959 
80522 
57062 
51040 
85622 
99206 
97481 
13151 
47191 
39479 
57313 
45566 
97525 
24081 
58050 
18871 
91092 
5434 
94842 
85816 
36556 
38258 
67994 
70086 
13772 
6703 
99795 
52673 
36674 
68471 
37047 
49241 
34045 
24864 
7392 
91262 
52113 
10838 
93047 
88830 
12518 
32834 
90281 
45462 
80048 
11130 
83368 
74319 
3363 
21995 
98989 
91341 
60317 
33748 
32999 
1284 
56111 
56939 
17740 
652 
20720 
59737 
87482 
98347 
26308 
62974 
50076 
98998 
55870 
77809 
31514 
87170 
93830 
65683 
80067 
19666 
12958 
65983 
26257 
12287 
48528 
63421 
72087 
85308 
95511 
97483 
39420 
35485 
88688 
67481 
25572 
39120 
65403 
52290 
21686 
40545 
35232 
54247 
44313 
30573 
21742 
33262 
50680 
68464 
14425 
77231 
38139 
17004 
70220 
13513 
53963 
80025 
5951 
89778 
10883 
79132 
83393 
93076 
65706 
859 
50409 
30839 
92335 
30860 
75465 
70661 
87423 
23098 
69217 
46587 
86445 
35014 
87072 
77732 
49621 
53304 
69317 
38083 
18450 
72863 
88078 
7826 
45212 
15142 
79718 
92649 
87815 
36007 
65505 
41465 
63968 
79427 
28061 
56655 
80516 
81205 
9971 
68409 
73150 
87267 
18497 
13265 
9873 
78044 
69026 
75230 
9209 
38267 
23896 
90072 
99182 
52072 
33183 
72848 
34896 
74677 
13090 
15935 
82382 
41670 
65034 
29173 
66733 
34663 
53369 
46380 
65915 
15171 
97849 
31220 
3883 
94385 
49967 
75895 
12962 
65388 
27471 
26335 
73719 
33153 
81084 
939 
40979 
58277 
70300 
33797 
2969 
57347 
99145 
49170 
21601 
15119 
35704 
32754 
35206 
19082 
87731 
64957 
31955 
29497 
43887 
31430 
41258 
34203 
10975 
68643 
18986 
11846 
5498 
98399 
51449 
63009 
98110 
66355 
91817 
12546 
69713 
10274 
10965 
20703 
81788 
18184 
59394 
35366 
86008 
54568 
71990 
13493 
27263 
83412 
94733 
75826 
94991 
57898 
72858 
43597 
24465 
13412 
54993 
10983 
26022 
31283 
31942 
78778 
30464 
42714 
33600 
12716 
39779 
81418 
32826 
20883 
36424 
81280 
66268 
61746 
98967 
44107 
30286 
63365 
75279 
24679 
90299 
60301 
37441 
37753 
89834 
54734 
68969 
74128 
46841 
91197 
94187 
84751 
74994 
73496 
70267 
52232 
80248 
55623 
99775 
66058 
24495 
10164 
11497 
45036 
45417 
52298 
29335 
76038 
81000 
12921 
36256 
17514 
85786 
70291 
38386 
57503 
97835 
83774 
65000 
10167 
46836 
61568 
53119 
2080 
57887 
44713 
7241 
73851 
20835 
84636 
89761 
82482 
83562 
39897 
30273 
56056 
54362 
25867 
89086 
7974 
64858 
77893 
74941 
66915 
43019 
22265 
72845 
95801 
66338 
64012 
65006 
41065 
31665 
76716 
40999 
7048 
72915 
3153 
52626 
33396 
14202 
59094 
54628 
62483 
76440 
66933 
63129 
15666 
54603 
72930 
74262 
88273 
30690 
83695 
66912 
51726 
37862 
96064 
79276 
58740 
12376 
39904 
56574 
29671 
9296 
50324 
48954 
36300 
66867 
72455 
85465 
45898 
22302 
32316 
55340 
33905 
22831 
37903 
3236 
22886 
76303 
78361 
3284 
98275 
65846 
96179 
61179 
26999 
84172 
55282 
83114 
45823 
4116 
60493 
6337 
27476 
84355 
81429 
22934 
35924 
88838 
3361 
55216 
41138 
59911 
73984 
70935 
67391 
5786 
53680 
47542 
676 
54042 
99917 
69270 
15379 
65398 
63554 
99780 
68730 
90366 
71776 
92316 
90582 
45637 
20874 
39736 
44571 
84975 
88246 
90735 
63843 
75322 
97692 
51966 
71373 
31090 
84964 
58518 
16277 
75449 
45690 
3523 
47718 
1439 
54200 
38680 
47899 
12599 
67181 
30523 
53235 
76794 
241 
67044 
87644 
25413 
86967 
16080 
45334 
80792 
12462 
47162 
57183 
25045 
15682 
5336 
27784 
83221 
10702 
52708 
25866 
54294 
97012 
27893 
2862 
33667 
63013 
15901 
15000 
70170 
40068 
89482 
86041 
33234 
3643 
49188 
11378 
57090 
61809 
68645 
54099 
10095 
78058 
28899 
62295 
73770 
80996 
200 
88837 
95457 
4899 
61234 
55477 
24804 
17201 
26053 
19955 
30250 
7678 
36287 
72770 
76534 
65903 
89305 
68542 
88795 
31876 
68924 
59679 
56767 
11113 
98095 
46201 
47147 
6392 
55643 
69573 
70601 
37292 
79501 
58369 
33709 
34213 
32400 
19647 
71879 
55275 
23040 
6594 
76216 
87021 
29179 
97116 
83419 
94237 
55899 
19340 
70101 
21890 
53587 
42738 
94309 
38594 
39508 
11993 
28345 
80267 
73138 
92726 
27494 
47587 
50426 
91878 
98923 
88689 
55747 
8641 
8117 
80378 
40215 
33023 
18310 
95618 
87258 
60607 
17961 
67963 
3525 
38692 
43084 
56669 
79785 
72969 
76748 
78095 
33688 
30246 
23398 
8478 
81075 
30553 
71341 
75454 
34231 
14365 
98793 
75112 
46602 
70865 
96630 
8780 
72065 
44577 
21714 
92148 
30211 
52545 
52162 
42568 
5172 
43223 
59165 
9946 
84946 
4746 
1023 
92058 
31028 
63438 
43176 
4183 
56753 
6886 
22111 
33552 
90961 
123 
78615 
32471 
25416 
83403 
91543 
91027 
88751 
37558 
33163 
53420 
5205 
6616 
82094 
35483 
45446 
83764 
56311 
29342 
16581 
38811 
79142 
87584 
11195 
2418 
34608 
16430 
38325 
83486 
28747 
39925 
97913 
93497 
87284 
49676 
33957 
99442 
12366 
39742 
52757 
1398 
60218 
27981 
51885 
84267 
37778 
44435 
18644 
32575 
74127 
68227 
49618 
87967 
35616 
37492 
96545 
9808 
20818 
23350 
14684 
2401 
33690 
60056 
45115 
44076 
59818 
61971 
78579 
90316 
20483 
25288 
27896 
21856 
65017 
24978 
51793 
25479 
17494 
10608 
43415 
87268 
73893 
41904 
95680 
23963 
26107 
40852 
88032 
16264 
37305 
77053 
41869 
36275 
22406 
7492 
90714 
89519 
23565 
86572 
7598 
23448 
55562 
52037 
79944 
19928 
14459 
48963 
87955 
11669 
55558 
78393 
80637 
66399 
45723 
20575 
18793 
22430 
94558 
155 
69732 
74269 
19094 
32486 
51153 
27907 
87418 
2667 
99506 
57971 
80451 
64434 
71542 
25087 
6129 
28377 
94824 
48351 
9562 
78412 
46582 
41616 
24728 
99029 
95602 
28154 
69085 
52736 
85389 
72436 
78143 
59343 
84686 
86230 
71607 
28532 
74194 
237 
20447 
75103 
43289 
29163 
62221 
64833 
56171 
95484 
23588 
20424 
8175 
51002 
57246 
12672 
30298 
46030 
94035 
57219 
71702 
33621 
50523 
5436 
49431 
92607 
2148 
37730 
91802 
19594 
5859 
85893 
24696 
32968 
94086 
32954 
17259 
89795 
19031 
42106 
70982 
10600 
59976 
25797 
87637 
87589 
39230 
98690 
8586 
50613 
41270 
3527 
99823 
54048 
94749 
35350 
92997 
13937 
32354 
40784 
27016 
48430 
90980 
31410 
33282 
11796 
3068 
41731 
69746 
43337 
69251 
15895 
64954 
9867 
58817 
52358 
70918 
74957 
36426 
83924 
82039 
71540 
14523 
50997 
39644 
3854 
43111 
64391 
38265 
75166 
2234 
89873 
65726 
24440 
79379 
7753 
28653 
92825 
61812 
23272 
23325 
11202 
626 
3315 
70318 
89107 
89428 
75591 
98137 
94858 
41220 
46573 
17317 
2084 
22044 
53774 
6690 
92731 
36792 
20795 
1898 
55281 
61249 
50699 
79664 
13575 
42591 
24009 
56603 
51534 
42346 
89363 
93039 
21177 
54669 
91714 
84788 
34011 
57318 
42248 
83292 
61497 
18902 
86829 
66945 
52660 
68148 
79600 
45096 
10046 
29383 
10692 
26910 
76393 
11011 
69920 
71177 
389 
30328 
45626 
15227 
2333 
48044 
83877 
88544 
633 
24364 
59366 
51766 
58203 
36493 
98871 
25508 
90285 
98008 
59790 
36089 
48196 
89896 
5407 
69997 
21681 
13660 
61098 
73230 
72696 
53525 
94469 
89952 
28762 
6945 
3069 
22301 
30086 
20024 
58067 
42272 
9122 
90778 
81476 
54702 
80711 
57141 
34251 
75568 
41149 
87938 
63259 
15641 
1885 
84336 
81171 
18302 
38528 
30997 
90906 
69154 
4414 
42020 
54378 
32937 
47464 
18963 
92613 
54322 
86414 
44768 
34920 
68330 
51341 
80737 
50398 
16760 
9164 
44603 
4733 
14980 
50586 
22039 
49724 
54280 
92456 
75415 
84296 
93283 
66404 
54408 
46249 
24825 
42529 
13891 
56750 
41339 
92078 
10348 
7100 
35792 
57360 
19656 
34188 
55114 
57044 
91542 
10463 
76374 
16107 
50488 
95598 
21817 
62186 
54815 
16880 
91193 
88383 
2825 
65106 
92476 
23109 
89782 
6385 
15250 
18077 
79577 
45675 
30404 
9533 
20606 
74955 
22664 
92094 
62170 
55687 
45043 
33202 
3300 
7597 
33848 
89693 
86891 
92255 
92952 
6090 
80535 
8003 
88532 
48453 
99109 
18061 
40111 
39292 
34266 
75072 
10992 
41505 
42804 
63109 
54781 
60865 
27412 
41591 
52949 
96557 
30162 
25930 
87207 
11990 
4102 
1777 
15708 
46784 
16769 
48631 
63163 
7771 
1183 
59006 
41193 
19419 
46025 
62337 
29851 
87265 
28738 
32164 
30025 
77297 
88165 
14509 
71314 
83009 
489 
65124 
29118 
22814 
28777 
23856 
78925 
1747 
82519 
73631 
1307 
9967 
63420 
19439 
53688 
30529 
49692 
64622 
28994 
85438 
33655 
49342 
6731 
43310 
74905 
15397 
16509 
97343 
6681 
10544 
36815 
97316 
60139 
76115 
70640 
31075 
75291 
78929 
53641 
656 
9235 
91744 
64993 
76874 
46066 
26482 
72290 
4651 
22119 
78955 
59777 
68570 
77334 
93937 
41521 
8172 
12699 
5523 
77758 
59598 
45976 
41072 
80649 
32814 
43685 
21749 
54334 
83409 
65688 
24334 
43879 
31267 
41228 
87853 
10924 
47738 
48701 
35579 
64148 
49409 
42093 
18749 
18423 
38197 
31048 
38705 
91936 
75764 
91265 
41662 
63678 
33074 
51971 
46170 
56609 
48924 
66998 
36588 
22576 
47621 
97436 
70722 
37246 
38359 
24735 
9320 
64136 
23306 
84660 
43298 
12137 
4138 
35164 
34349 
74618 
5354 
76289 
96502 
87716 
47278 
88200 
9806 
68611 
59210 
30102 
5757 
77281 
15232 
24913 
10511 
1694 
43935 
69158 
38660 
41610 
80826 
58189 
67369 
99162 
68817 
66700 
67980 
96779 
85423 
68347 
5337 
62430 
50379 
56738 
88785 
70373 
74838 
81030 
98386 
49964 
26775 
47637 
50571 
11161 
83844 
5291 
34990 
4992 
85926 
83875 
54063 
65257 
56782 
6407 
42695 
4096 
65575 
81196 
9724 
45337 
18841 
88609 
56510 
32007 
57338 
65481 
3624 
20196 
44406 
85404 
97107 
84611 
54495 
80487 
24161 
55644 
97388 
31530 
66792 
64186 
87126 
63710 
93219 
90934 
36751 
89155 
87023 
25933 
56864 
23901 
89490 
54795 
31806 
13050 
12918 
66670 
67052 
75601 
24183 
9063 
71743 
63427 
39040 
83502 
50189 
44386 
1642 
70164 
9121 
3139 
56189 
73450 
21732 
54667 
37943 
81353 
14985 
52748 
4202 
55597 
82124 
1696 
96434 
76674 
35180 
35496 
83061 
63471 
3267 
44487 
48435 
48736 
45440 
756 
13427 
45920 
91385 
3030 
92043 
79254 
73006 
50088 
70676 
98666 
67657 
28127 
95423 
5263 
37324 
8980 
1484 
77605 
55395 
5000 
39042 
40359 
11255 
59744 
35681 
12638 
90868 
13870 
34854 
64271 
9083 
28839 
6502 
55081 
52978 
7584 
35578 
18528 
25555 
29443 
70994 
14896 
96176 
76798 
80434 
26783 
30696 
94152 
94595 
25396 
5043 
84558 
70710 
23018 
69309 
99996 
47215 
39223 
37739 
37396 
33882 
4418 
51482 
80400 
16335 
62579 
62822 
60764 
57824 
36030 
98166 
32958 
69078 
27574 
55538 
20057 
31074 
61641 
23186 
53820 
15371 
78209 
30820 
64945 
89870 
56881 
23501 
47993 
61607 
93762 
60074 
70677 
96280 
40376 
98809 
68340 
83604 
82096 
75701 
84784 
38702 
26759 
56352 
4098 
80427 
10359 
36024 
97619 
17651 
75403 
59468 
61946 
72891 
84406 
72851 
61483 
94429 
46717 
45246 
94572 
31510 
7382 
50767 
59600 
92152 
41302 
58920 
1593 
51528 
9796 
69014 
66787 
94818 
10448 
56513 
6421 
33641 
25005 
47145 
34287 
26563 
14817 
13164 
89586 
19543 
41735 
98189 
65364 
84286 
60180 
68398 
21647 
30046 
23067 
42432 
18522 
33801 
75395 
79267 
37594 
92563 
6232 
8146 
68689 
90520 
65385 
72233 
21875 
5356 
40926 
326 
28862 
65633 
25626 
61756 
95926 
13049 
51530 
79238 
91544 
71594 
7612 
58675 
85462 
38956 
42496 
68996 
23616 
40580 
9899 
63325 
89079 
30495 
54966 
53854 
53748 
34542 
53308 
14608 
69110 
11728 
29879 
47288 
34594 
50419 
2528 
38471 
30089 
54727 
81185 
64295 
51557 
42664 
12640 
19178 
88108 
32251 
97708 
46006 
23389 
42185 
89015 
78198 
82226 
54227 
60806 
64975 
35271 
48699 
6072 
8048 
30825 
88289 
609 
43396 
21356 
63665 
96326 
65864 
76322 
28611 
92463 
65941 
46375 
70591 
81180 
79026 
232 
64442 
39572 
36476 
22637 
55685 
70465 
6456 
88864 
14306 
8829 
2691 
95006 
50922 
73241 
16849 
28814 
65240 
18823 
46712 
43196 
7066 
63448 
93244 
24602 
22029 
71544 
99864 
97805 
60658 
50953 
93837 
38721 
15850 
43471 
11002 
29235 
68016 
48548 
95437 
75419 
42648 
20361 
3763 
73933 
47530 
1817 
41849 
20672 
2448 
91665 
66495 
88477 
53181 
1575 
38732 
57590 
20111 
34919 
91255 
49207 
42340 
97403 
93170 
36687 
49343 
44911 
87384 
31282 
28805 
30795 
91490 
96990 
66517 
2562 
7711 
41601 
17081 
24876 
3532 
43722 
97843 
68749 
22716 
36938 
80782 
31227 
550 
94709 
6569 
9715 
11702 
36452 
62356 
41150 
31230 
85884 
5936 
32264 
99122 
71438 
77958 
49270 
43064 
25148 
35707 
40177 
36571 
23861 
41977 
28733 
12385 
68867 
67157 
12636 
85432 
30819 
46548 
3338 
73613 
7981 
5954 
99418 
43184 
39495 
10664 
8594 
60017 
5236 
48365 
84335 
92212 
41655 
27649 
71570 
46240 
46637 
34210 
30901 
22740 
73083 
48838 
31208 
27475 
18376 
41939 
31154 
10796 
2100 
43478 
47100 
5898 
8406 
25671 
76950 
22832 
14327 
77306 
95169 
99718 
18405 
81846 
69729 
76209 
22185 
91780 
62997 
21569 
36412 
19407 
54390 
57257 
95887 
30148 
1690 
34904 
4050 
63106 
60338 
58271 
79213 
22880 
55047 
38831 
49833 
78384 
81912 
91443 
76143 
97348 
86878 
22855 
87699 
39012 
10804 
23469 
93004 
97021 
95849 
93284 
58080 
55354 
23567 
269 
43009 
34333 
98883 
96168 
98509 
2560 
12561 
8205 
92781 
86526 
96010 
83741 
82318 
43982 
29624 
56034 
38223 
4760 
29083 
42687 
65990 
17390 
80405 
22444 
2709 
48763 
23602 
78559 
3334 
20597 
47554 
25452 
6621 
95815 
67038 
9293 
21836 
72407 
90767 
2408 
88944 
31562 
1348 
69681 
76385 
53071 
92064 
97030 
37510 
74126 
51805 
22414 
77500 
12094 
85399 
41769 
13217 
53979 
47243 
11912 
69278 
65039 
57846 
90611 
87028 
14047 
32443 
88100 
42313 
16539 
61693 
83503 
33235 
99049 
40450 
78439 
43992 
89157 
7776 
36877 
67951 
8408 
93428 
38951 
85914 
96249 
62561 
98251 
66878 
78300 
45544 
97080 
44233 
88840 
48975 
46059 
71531 
69421 
45426 
91163 
54483 
10599 
52013 
57496 
79597 
78562 
12458 
94362 
86922 
21169 
70617 
77461 
38077 
32646 
22184 
71453 
20889 
27364 
68428 
29741 
32303 
92055 
76633 
96195 
16087 
10619 
29394 
51979 
69960 
95992 
15463 
35664 
53752 
53137 
84185 
26686 
33474 
79920 
10036 
81924 
55333 
98477 
87154 
54719 
88569 
7024 
21863 
86647 
11487 
54457 
65651 
45889 
74460 
98650 
76574 
31253 
11766 
46659 
82496 
2161 
48970 
90395 
41473 
5024 
83269 
36173 
30525 
28308 
42940 
66322 
60495 
75106 
14090 
98820 
57760 
98772 
80665 
40273 
36298 
73271 
27128 
7984 
7456 
97548 
94203 
2493 
72184 
60426 
39358 
88461 
30781 
20881 
51949 
45872 
63546 
54914 
66960 
47334 
77066 
76190 
10385 
79527 
12329 
81283 
20191 
64834 
17179 
91157 
60704 
74318 
9077 
99892 
11217 
96535 
46727 
72500 
89790 
16398 
95275 
84032 
8046 
18345 
15761 
53368 
81574 
89123 
42980 
58625 
80564 
64683 
6075 
62645 
31977 
7642 
69467 
28895 
80758 
82773 
49986 
48300 
92049 
10859 
89178 
59995 
83691 
97858 
25644 
59227 
19079 
6916 
99611 
8923 
44375 
48633 
79386 
99694 
47403 
18875 
47821 
57933 
40973 
78658 
91234 
12364 
6822 
83043 
16526 
68877 
18705 
27810 
80018 
6903 
36418 
92085 
16614 
10367 
34983 
49784 
6436 
59552 
66086 
9773 
64757 
13025 
37816 
12168 
14181 
91138 
73694 
32255 
65512 
57478 
90459 
18768 
91695 
40472 
33615 
94219 
53842 
64733 
38634 
47909 
45528 
72936 
63652 
37591 
3067 
62578 
98578 
59406 
17080 
9832 
36702 
77784 
46535 
50357 
69948 
25593 
46967 
18348 
80684 
10262 
90452 
79388 
2402 
15645 
71541 
32070 
26224 
17165 
94983 
56539 
23520 
71656 
65612 
1296 
31953 
56113 
72392 
15147 
89134 
57354 
36270 
49015 
50536 
16878 
2557 
45188 
7669 
30168 
3467 
16498 
23832 
71915 
56573 
93588 
90480 
10767 
65856 
86412 
89827 
30008 
94388 
78704 
67034 
69616 
50281 
88829 
93804 
37780 
14426 
55869 
80621 
27712 
72380 
64487 
94174 
83146 
4999 
87604 
39285 
11567 
1989 
54041 
19942 
16470 
61487 
18745 
58928 
20721 
52884 
77529 
45917 
10490 
31219 
20170 
53642 
29391 
39464 
49487 
85449 
78533 
16897 
35176 
49550 
99686 
9275 
31392 
81315 
32898 
42941 
14677 
53407 
88287 
95515 
64444 
57320 
35421 
99085 
38557 
47393 
4421 
56950 
28643 
84991 
15697 
86344 
46872 
24725 
1714 
52065 
48542 
92906 
83835 
21336 
99053 
84219 
35475 
58948 
7737 
47166 
72769 
4203 
24817 
30355 
67492 
63182 
42324 
60394 
23611 
65224 
94865 
68399 
70412 
40322 
48899 
4233 
79111 
69352 
69904 
44565 
53213 
5114 
790 
53954 
21857 
71172 
97709 
4469 
58368 
72980 
59226 
18942 
58278 
8576 
34068 
22523 
24904 
30589 
60515 
49927 
25238 
64827 
14018 
13662 
49316 
30520 
56812 
76280 
38398 
73001 
98832 
64231 
59901 
44760 
14262 
47269 
26434 
26077 
77918 
1299 
51298 
13504 
20493 
40210 
67051 
95227 
12199 
74676 
1617 
5210 
37224 
33676 
14990 
5522 
7946 
2391 
41853 
58150 
60193 
89202 
2259 
33509 
71862 
89149 
83963 
95770 
12670 
64131 
88881 
94671 
78046 
23576 
95247 
86742 
98 
28296 
16794 
63616 
7448 
78786 
57797 
60232 
75373 
80961 
79667 
13135 
16478 
23504 
25475 
4223 
73379 
35275 
76308 
17622 
36023 
42037 
6580 
682 
19876 
22844 
68701 
22957 
81281 
51627 
30676 
44583
